4294967278,137
4294967278,390
4294967279,129
4294967279,310
4294967279,120
4294967279,118
4294967279,106
4294967279,104
4294967279,97
4294967279,358
4294967279,357
4294967279,518
4294967279,290
4294967279,186
4294967279,179
4294967278,177
4294967279,178
4294967278,176
4294967278,173
4294967279,175
4294967278,172
4294967278,305
4294967278,171
4294967278,168
4294967278,159
2640,6
2640,5
2640,4
2640,3
2640,2
2640,1
4294967278,222
4294967279,344
2637,6
2637,5
2637,4
2637,3
2637,2
2637,1
4294967278,259
2634,5
2634,4
2634,3
2634,2
2634,1
2632,5
2632,4
2632,3
2632,2
2632,1
4294967294,156
4294967294,414
2630,6
2630,5
2630,4
2630,3
2630,2
2630,1
4294967279,521
2629,5
2629,4
2629,3
2629,2
2629,1
4294967279,138
4294967279,199
2628,4
4294967278,196
2628,3
2628,2
2628,1
2627,5
4294967278,191
2627,4
2627,3
2627,2
2627,1
4294967294,482
4294967279,308
2626,4
4294967279,188
2626,3
2626,2
2626,1
4294967279,546
4294967279,520
4294967278,302
4294967279,300
4294967279,355
4294967278,166
4294967278,162
4294967279,157
4294967278,247
4294967278,388
4294967279,96
4294967279,356
4294967279,160
4294967278,149
4294967278,148
4294967279,144
4294967278,143
4294967278,337
4294967278,139
4294967279,348
4294967279,346
2625,6
2625,5
2625,4
2625,2
2625,1
4294967279,282
4294967279,279
4294967278,369
4294967278,340
4294967279,534
4294967279,256
4294967279,533
4294967278,426
4294967294,108
4294967279,245
4294967278,244
2622,6
2622,5
2622,4
2622,3
2622,2
2622,1
2619,5
2619,4
2619,3
2619,2
2619,1
4294967279,513
4294967279,192
4294967278,190
2617,5
2617,4
2617,3
2617,2
2617,1
4294967294,390
4294967294,396
2615,6
2615,5
2615,4
2615,3
2615,2
2615,1
2614,5
2614,4
2614,3
2614,2
2614,1
4294967278,328
4294967294,481
4294967278,301
2613,4
2613,3
2613,2
2613,1
2612,5
2612,4
2612,3
2612,2
2612,1
2611,4
2611,3
2611,2
2611,1
4294967278,389
4294967278,330
4294967279,323
4294967279,370
4294967279,296
4294967278,327
4294967278,12
4294967278,11
4294967278,10
4294967278,9
4294967278,7
4294967278,5
4294967279,131
4294967279,128
4294967279,126
4294967279,125
4294967279,124
4294967279,114
4294967279,108
4294967279,303
4294967278,338
4294967278,256
4294967279,244
4294967278,299
4294967279,242
4294967294,1073
2610,6
2610,5
2610,4
2610,2
2610,1
4294967278,298
4294967294,452
4294967278,204
2607,6
2607,5
2607,4
2607,3
2607,2
2607,1
4294967278,294
4294967294,112
4294967279,180
2604,5
2604,4
2604,3
2604,2
2604,1
2602,5
2602,4
2602,3
2602,2
2602,1
2600,6
4294967279,151
2600,5
2600,4
2600,3
2600,2
2600,1
4294967278,147
4294967294,185
2599,5
2599,4
2599,3
2599,2
2599,1
2598,4
2598,3
2598,2
2598,1
4294967294,166
2597,5
2597,4
2597,3
2597,2
2597,1
4294967294,480
2596,4
2596,3
2596,2
2596,1
4294967278,424
4294967278,351
4294967294,180
4294967278,254
4294967278,250
4294967278,248
4294967279,248
4294967279,122
4294967279,340
4294967279,112
4294967279,368
4294967279,238
4294967278,235
2595,6
2595,5
2595,4
2595,2
2595,1
4294967294,110
4294967294,1078
4294967279,172
2592,6
2592,5
2592,4
2592,3
2592,2
2592,1
4294967278,150
4294967279,149
4294967279,148
2589,5
2589,4
2589,3
2589,2
2589,1
2587,5
2587,4
2587,3
2587,2
2587,1
4294967294,111
2585,6
2585,5
2585,4
2585,3
2585,2
2585,1
2584,5
4294967294,1082
4294967294,1067
2584,4
2584,3
2584,2
2584,1
2583,4
2583,3
2583,2
2583,1
2582,5
2582,4
2582,3
2582,2
2582,1
4294967279,241
2581,4
2581,3
2581,2
2581,1
4294967278,370
4294967279,247
4294967294,412
4294967294,179
4294967294,407
4294967294,152
4294967294,399
4294967278,368
4294967279,363
4294967278,283
4294967279,330
4294967279,328
4294967279,572
4294967279,191
4294967278,184
4294967279,185
4294967279,173
2580,6
2580,5
2580,4
2580,2
2580,1
4294967278,156
4294967278,153
4294967278,151
4294967294,190
4294967279,146
4294967278,145
4294967278,144
2577,6
4294967279,142
2577,5
2577,4
2577,3
2577,2
2577,1
4294967279,321
4294967279,291
4294967294,406
4294967294,466
4294967279,272
4294967279,263
2574,5
2574,4
2574,3
2574,2
2574,1
2572,5
2572,4
2572,3
2572,2
2572,1
4294967279,234
4294967279,236
2570,6
2570,5
2570,4
2570,3
2570,2
2570,1
2569,5
2569,4
2569,3
2569,2
2569,1
4294967278,211
4294967279,227
4294967278,210
4294967278,209
2568,4
2568,3
2568,2
2568,1
2567,5
2567,4
2567,3
2567,2
2567,1
4294967279,201
2566,4
2566,3
2566,2
2566,1
4294967278,375
4294967278,335
4294967278,334
4294967279,527
4294967294,1058
4294967294,1079
4294967294,1156
4294967279,367
4294967279,111
4294967279,110
4294967279,165
4294967278,163
4294967279,164
4294967279,163
4294967279,162
4294967278,160
4294967278,155
4294967279,155
4294967278,154
4294967279,154
4294967279,153
2565,6
2565,5
2565,4
2565,2
2565,1
4294967294,411
4294967279,561
4294967279,259
2562,6
2562,5
2562,4
2562,3
2562,2
2562,1
4294967279,286
4294967294,182
4294967279,284
4294967278,225
4294967279,338
2559,5
2559,4
2559,3
2559,2
2559,1
4294967278,215
4294967294,408
4294967278,208
2557,5
2557,4
2557,3
2557,2
2557,1
4294967278,422
4294967279,202
4294967278,353
4294967278,199
4294967279,200
2555,6
4294967279,196
4294967278,195
2555,5
4294967279,195
2555,4
2555,3
2555,2
2555,1
4294967279,281
2554,5
4294967278,188
2554,4
2554,3
2554,2
2554,1
4294967294,424
4294967278,183
2553,4
2553,3
2553,2
2553,1
2552,5
2552,4
2552,3
2552,2
2552,1
2551,4
2551,3
2551,2
2551,1
4294967278,169
4294967278,332
4294967279,219
4294967279,280
4294967294,1069
4294967294,1071
4294967278,251
4294967279,150
4294967278,361
4294967278,360
4294967279,117
4294967279,569
4294967278,142
4294967278,141
4294967278,140
4294967279,266
4294967279,269
2550,6
2550,5
2550,4
2550,2
2550,1
4294967279,557
4294967294,455
4294967294,164
4294967279,258
2547,6
2547,5
2547,4
2547,3
2547,2
2547,1
4294967279,563
4294967279,366
4294967294,173
4294967294,1075
2544,5
2544,4
2544,3
2544,2
2544,1
4294967279,233
4294967294,468
4294967279,181
4294967278,347
2542,5
2542,4
2542,3
2542,2
2542,1
2540,6
2540,5
2540,4
2540,3
2540,2
2540,1
2539,5
2539,4
2539,3
2539,2
2539,1
2538,4
2538,3
2538,2
2538,1
2537,5
4294967294,175
2537,4
4294967279,147
2537,3
2537,2
2537,1
4294967278,146
2536,4
2536,3
2536,2
2536,1
4294967278,216
4294967278,359
4294967279,231
4294967279,551
4294967278,323
4294967294,1153
2535,6
2535,5
2535,4
2535,2
2535,1
4294967294,189
4294967279,136
4294967278,174
4294967278,193
4294967279,194
4294967278,186
2532,6
2532,5
2532,4
2532,3
2532,2
2532,1
4294967278,329
4294967279,134
4294967279,133
2529,5
2529,4
2529,3
2529,2
2529,1
4294967279,383
2527,5
2527,4
2527,3
2527,2
2527,1
4294967279,326
2525,6
2525,5
2525,4
2525,3
2525,2
2525,1
4294967294,397
2524,5
2524,4
2524,3
2524,2
2524,1
2523,4
2523,3
2523,2
2523,1
4294967278,432
2522,5
2522,4
2522,3
2522,2
2522,1
4294967279,223
2521,4
2521,3
2521,2
2521,1
4294967279,288
4294967278,318
4294967279,570
4294967278,412
4294967294,409
4294967294,419
4294967278,233
4294967278,358
4294967278,269
4294967278,350
4294967278,416
4294967279,540
4294967279,336
4294967278,192
2520,6
2520,5
2520,4
2520,2
2520,1
4294967279,382
4294967294,410
2517,6
2517,5
2517,4
2517,3
2517,2
2517,1
4294967279,381
4294967278,447
2514,5
2514,4
2514,3
2514,2
2514,1
4294967279,380
2512,5
2512,4
2512,3
2512,2
2512,1
2510,6
2510,5
2510,4
2510,3
2510,2
2510,1
2509,5
2509,4
2509,3
2509,2
2509,1
2508,4
2508,3
2508,2
2508,1
4294967294,157
4294967294,1159
4294967279,337
2507,5
2507,4
2507,3
2507,2
2507,1
4294967279,377
4294967294,1
2506,4
2506,3
2506,2
2506,1
4294967278,384
4294967279,567
4294967294,167
4294967294,191
4294967278,411
4294967278,58
4294967278,56
4294967278,45
4294967278,40
4294967278,38
4294967278,35
4294967278,34
4294967278,33
4294967278,31
4294967278,30
4294967278,29
4294967278,28
4294967278,27
4294967278,26
4294967278,25
4294967278,24
4294967278,23
4294967278,22
4294967278,21
4294967278,20
4294967278,19
4294967278,326
4294967278,18
4294967278,17
4294967278,16
4294967278,15
4294967278,325
4294967278,14
4294967279,225
4294967279,221
4294967279,85
4294967279,81
4294967279,70
4294967279,542
4294967279,55
4294967279,45
4294967279,30
4294967279,28
4294967279,27
4294967279,18
4294967279,14
4294967279,12
4294967279,80
4294967278,417
4294967279,75
4294967279,189
4294967278,187
4294967279,187
4294967278,185
4294967279,184
4294967278,182
4294967279,183
4294967278,180
4294967278,179
4294967278,54
4294967278,44
4294967278,53
4294967279,375
4294967278,310
4294967278,260
4294967278,47
2505,6
2505,5
2505,4
2505,2
2505,1
4294967278,309
4294967278,43
4294967279,43
4294967278,42
4294967278,41
4294967279,515
4294967278,39
4294967278,37
4294967278,415
4294967278,138
2502,6
2502,5
2502,4
2502,3
2502,2
2502,1
4294967278,414
4294967278,413
2499,5
2499,4
2499,3
2499,2
2499,1
4294967294,467
2497,5
2497,4
2497,3
2497,2
2497,1
2495,6
2495,5
2495,4
2495,3
2495,2
2495,1
2494,5
2494,4
2494,3
2494,2
2494,1
2493,4
2493,3
2493,2
2493,1
2492,5
2492,4
2492,3
2492,2
2492,1
4294967294,1074
2491,4
2491,3
2491,2
2491,1
4294967294,463
4294967278,383
4294967279,342
4294967278,60
4294967278,55
4294967278,36
4294967278,32
4294967279,571
4294967279,365
4294967279,79
4294967279,69
4294967279,67
4294967279,61
4294967279,59
4294967279,56
4294967279,44
4294967279,32
4294967279,349
4294967278,303
4294967279,575
4294967279,159
4294967278,218
2490,6
2490,5
2490,4
2490,2
2490,1
4294967279,267
4294967279,243
2487,6
2487,5
2487,4
2487,3
2487,2
2487,1
4294967278,240
4294967278,231
4294967278,223
4294967279,364
2484,5
2484,4
2484,3
2484,2
2484,1
4294967278,410
4294967279,361
2482,5
2482,4
2482,3
2482,2
2482,1
4294967279,322
2480,6
4294967278,379
2480,5
2480,4
2480,3
2480,2
2480,1
2479,5
2479,4
2479,3
2479,2
2479,1
4294967278,178
2478,4
2478,3
2478,2
2478,1
4294967294,151
2477,5
2477,4
2477,3
2477,2
2477,1
2476,4
2476,3
2476,2
2476,1
4294967278,344
4294967278,291
4294967279,140
4294967278,57
4294967278,49
4294967278,46
4294967279,565
4294967279,41
4294967279,36
4294967279,34
4294967279,16
4294967279,568
2475,6
2475,5
2475,4
2475,2
2475,1
4294967278,221
4294967278,213
4294967278,406
2472,6
2472,5
2472,4
2472,3
2472,2
2472,1
2469,5
2469,4
2469,3
2469,2
2469,1
2467,5
2467,4
2467,3
2467,2
2467,1
2465,6
2465,5
2465,4
2465,3
2465,2
2465,1
2464,5
2464,4
2464,3
2464,2
2464,1
2463,4
2463,3
2463,2
2463,1
2462,5
2462,4
2462,3
2462,2
2462,1
2461,4
2461,3
2461,2
2461,1
4294967278,402
4294967279,211
2460,6
2460,5
2460,4
2460,2
2460,1
4294967279,562
4294967294,170
2457,6
2457,5
2457,4
2457,3
2457,2
2457,1
4294967278,304
4294967294,184
2454,5
2454,4
2454,3
2454,2
2454,1
2452,5
2452,4
2452,3
2452,2
2452,1
4294967294,1070
2450,6
2450,5
2450,4
2450,3
2450,2
2450,1
2449,5
2449,4
2449,3
2449,2
2449,1
4294967278,409
2448,4
2448,3
2448,2
2448,1
2447,5
2447,4
2447,3
2447,2
2447,1
2446,4
2446,3
2446,2
2446,1
2445,6
2445,5
2445,4
2445,2
2445,1
4294967279,168
2442,6
2442,5
2442,4
2442,3
2442,2
2442,1
2439,5
2439,4
2439,3
2439,2
2439,1
2437,5
2437,4
2437,3
2437,2
2437,1
2435,6
2435,5
2435,4
2435,3
2435,2
2435,1
2434,5
2434,4
2434,3
2434,2
2434,1
4294967278,333
2433,4
2433,3
2433,2
2433,1
2432,5
2432,4
2432,3
2432,2
2432,1
2431,4
2431,3
2431,2
2431,1
4294967279,547
4294967279,277
4294967279,362
4294967278,366
4294967279,167
4294967278,158
4294967279,360
2430,6
2430,5
2430,4
2430,2
2430,1
4294967279,554
4294967278,288
2427,6
2427,5
2427,4
2427,3
2427,2
2427,1
4294967278,277
4294967278,300
4294967278,232
2424,5
2424,4
2424,3
2424,2
2424,1
4294967279,556
4294967279,220
2422,5
2422,4
2422,3
2422,2
2422,1
4294967279,218
4294967278,275
4294967279,217
4294967278,214
2420,6
2420,5
2420,4
2420,3
2420,2
2420,1
2419,5
2419,4
2419,3
2419,2
2419,1
4294967278,202
4294967279,203
2418,4
2418,3
2418,2
2418,1
4294967279,331
2417,5
2417,4
2417,3
2417,2
2417,1
2416,4
2416,3
2416,2
2416,1
4294967279,371
2415,6
2415,5
2415,4
2415,2
2415,1
2412,6
2412,5
2412,4
2412,3
2412,2
2412,1
2409,5
2409,4
4294967278,207
2409,3
2409,2
2409,1
4294967279,208
4294967278,197
2407,5
2407,4
2407,3
2407,2
2407,1
2405,6
2405,5
2405,4
2405,3
2405,2
2405,1
2404,5
2404,4
2404,3
2404,2
2404,1
4294967278,175
4294967278,382
2403,4
2403,3
2403,2
2403,1
4294967278,297
2402,5
2402,4
2402,3
2402,2
2402,1
4294967294,394
2401,4
2401,3
2401,2
2401,1
4294967279,329
4294967279,137
4294967278,354
2400,6
2400,5
2400,4
2400,2
2400,1
2397,6
2397,5
2397,4
2397,3
2397,2
2397,1
4294967278,380
4294967278,378
2394,5
2394,4
2394,3
2394,2
2394,1
2392,5
2392,4
2392,3
2392,2
2392,1
2390,6
2390,5
2390,4
2390,3
2390,2
2390,1
2389,5
2389,4
2389,3
2389,2
2389,1
2388,4
2388,3
2388,2
2388,1
2387,5
2387,4
2387,3
2387,2
2387,1
4294967294,1077
2386,4
2386,3
2386,2
2386,1
4294967278,295
4294967279,549
4294967279,83
4294967278,377
4294967278,274
4294967278,376
2385,6
2385,5
2385,4
2385,2
2385,1
4294967279,77
2382,6
2382,5
2382,4
2382,3
2382,2
2382,1
4294967279,359
4294967294,1154
2379,5
2379,4
2379,3
2379,2
2379,1
4294967278,296
2377,5
2377,4
2377,3
2377,2
2377,1
4294967278,284
2375,6
2375,5
2375,4
2375,3
2375,2
2375,1
4294967279,270
4294967278,268
2374,5
4294967279,285
2374,4
4294967279,268
2374,3
2374,2
2374,1
4294967294,479
2373,4
2373,3
2373,2
2373,1
2372,5
2372,4
2372,3
2372,2
2372,1
2371,4
2371,3
2371,2
2371,1
4294967278,59
4294967278,52
4294967278,51
4294967278,50
4294967278,48
4294967279,537
4294967279,74
4294967279,72
4294967279,63
4294967279,60
4294967279,58
4294967279,260
4294967279,53
4294967279,49
4294967279,47
4294967279,35
4294967279,33
4294967279,24
4294967294,116
2370,6
2370,5
2370,4
2370,2
2370,1
4294967279,64
4294967279,54
4294967279,52
2367,6
2367,5
2367,4
2367,3
2367,2
2367,1
